0,0.151513395512331,0.716381873840141,0.770242776986464,0.443125723930155,0.436682758622503,0.366804074609706,0.7816952049167
0.151513395512331,0,0.677172379679691,0.737228972266524,0.396900139766562,0.38195513971126,0.308958666965485,0.763555549194292
0.716381873840141,0.677172379679691,0,0.211378661329748,0.744070104007402,0.692873978926988,0.666437952969476,0.563639805877047
0.770242776986464,0.737228972266524,0.211378661329748,0,0.742532954416653,0.701381748862136,0.701784143933586,0.443266643012078
0.443125723930155,0.396900139766562,0.744070104007402,0.742532954416653,0,0.0663900422746362,0.116454509532797,0.74434596395179
0.436682758622503,0.38195513971126,0.692873978926988,0.701381748862136,0.0663900422746362,0,0.103101045481451,0.713940098252254
0.366804074609706,0.308958666965485,0.666437952969476,0.701784143933586,0.116454509532797,0.103101045481451,0,0.726854271126406
0.7816952049167,0.763555549194292,0.563639805877047,0.443266643012078,0.74434596395179,0.713940098252254,0.726854271126406,0
